1,0.1,4,0.25,0.222
1,0.5580153,4,0.75,0.222
1,1.016031,4,0.312,0.222
1,1.474046,4,0.687,0.222
2,1.932061,4,0.187,0.222,0.9160305
2,2.848092,4,0.75,0.222,0.9160305
1,3.764122,4,0.25,0.222
1,4.222137,4,0.625,0.222
2,4.680153,4,0.375,0.222,0.9160305
2,5.596183,4,0.625,0.222,0.9160305
2,6.512214,4,0.375,0.222,0.9160305
3,7.428244,1,0.312,0.6659999,0.312,0.277,0.4580153
3,8.344275,2,0.687,0.277,0.687,0.6659999,0.4580153
1,9.260305,4,0.718,0.222
1,9.718321,4,0.718,0.222
1,10.17634,4,0.343,0.222
1,10.63435,4,0.343,0.222
1,11.09237,3,0.281,0.777
1,11.55038,3,0.343,0.777
1,12.0084,3,0.281,0.777
1,12.46641,3,0.687,0.777
2,12.92443,2,0.781,0.277,0.9160305
2,13.84046,2,0.781,0.555,0.9160305
1,14.75649,4,0.25,0.222
1,15.2145,4,0.375,0.222
1,15.67252,4,0.625,0.222
1,16.13054,4,0.75,0.222
2,16.58855,1,0.312,0.7219999,0.9160305
1,17.04656,2,0.687,0.5
2,17.50458,2,0.687,0.277,0.9160305
1,17.96259,1,0.312,0.5
1,18.42061,3,0.312,0.7219999
1,18.87863,1,0.312,0.7219999
1,19.33664,4,0.687,0.277
1,19.79466,2,0.687,0.277
3,20.25267,1,0.25,0.7219999,0.25,0.222,0.9160305
3,21.1687,2,0.75,0.222,0.75,0.7219999,0.9160305
1,22.08473,1,0.187,0.6109999
1,22.31374,1,0.187,0.7219999
1,22.54275,1,0.187,0.833
1,23.00076,2,0.812,0.388
1,23.22977,2,0.812,0.277
1,23.45878,2,0.812,0.166
2,23.91679,4,0.687,0.222,0.4580153
2,24.37481,4,0.312,0.222,0.4580153
2,24.83282,4,0.781,0.222,0.4580153
2,25.29084,4,0.218,0.222,0.4580153
1,25.74886,4,0.718,0.222
1,25.97786,4,0.281,0.222
1,26.20687,4,0.718,0.222
1,26.66488,3,0.718,0.777
1,26.89389,3,0.281,0.777
1,27.1229,3,0.718,0.777
3,27.58092,1,0.281,0.777,0.281,0.222,0.9160305
1,28.03893,2,0.812,0.5
3,28.49695,2,0.718,0.222,0.718,0.777,0.9160305
1,28.95496,1,0.187,0.5
2,29.41298,4,0.562,0.166,0.4580153
1,29.87099,4,0.218,0.166
1,30.32901,4,0.718,0.166
3,31.24504,4,0.406,0.166,0.187,0.166,0.4580153
2,32.16107,4,0.75,0.166,0.4580153
1,33.0771,3,0.718,0.833
1,33.30611,3,0.25,0.833
1,33.53511,3,0.656,0.833
1,33.99313,3,0.781,0.833
2,34.90916,1,0.187,0.555,0.4580153
2,35.82519,1,0.187,0.333,0.4580153
1,36.74122,3,0.156,0.833
1,36.97023,3,0.718,0.833
1,37.19924,3,0.218,0.833
1,37.65725,3,0.343,0.833
3,38.57328,2,0.812,0.555,0.812,0.833,0.4580153
3,39.48931,1,0.187,0.444,0.187,0.166,0.4580153
1,40.40534,4,0.625,0.166
1,40.63435,4,0.218,0.166
1,40.86336,4,0.687,0.166
1,41.32137,4,0.812,0.166
1,42.2374,4,0.25,0.166
2,42.46641,4,0.25,0.166,0.4580153
2,43.15343,4,0.781,0.166,0.6870229
1,44.06947,3,0.75,0.777
1,44.29847,3,0.25,0.777
1,44.52748,3,0.687,0.777
1,44.75649,3,0.312,0.777
1,44.9855,3,0.625,0.777
1,45.44351,3,0.718,0.777
1,45.90153,3,0.812,0.777
2,46.81756,3,0.281,0.777,0.4580153
1,47.73359,4,0.718,0.166
1,47.9626,4,0.281,0.166
1,48.1916,4,0.656,0.166
1,48.42061,4,0.343,0.166
1,48.64962,4,0.593,0.166
1,49.10764,4,0.687,0.166
1,49.56565,4,0.781,0.166
2,50.48168,3,0.687,0.777,0.4580153,d
2,50.48168,3,0.312,0.777,0.4580153,d
1,51.39771,1,0.281,0.6659999
1,51.62672,2,0.718,0.6109999
1,51.85572,1,0.281,0.555
1,52.08473,2,0.718,0.5
1,52.31374,1,0.281,0.444
1,52.77176,2,0.718,0.333
1,53.22977,1,0.281,0.222
2,54.1458,2,0.718,0.222,0.4580153
1,55.06183,4,0.656,0.166
1,55.29084,4,0.343,0.166
1,55.51985,4,0.718,0.166
1,55.74886,4,0.281,0.166
1,55.97786,4,0.781,0.166
1,56.43588,4,0.406,0.166
1,56.89389,4,0.531,0.166
2,57.80993,4,0.656,0.166,0.4580153,d
2,57.80993,4,0.343,0.166,0.4580153,d
1,58.72596,2,0.843,0.222
1,59.18397,2,0.843,0.333
1,59.64198,2,0.843,0.444
1,60.55801,1,0.156,0.555
1,61.01603,1,0.156,0.6659999
1,61.47404,1,0.156,0.777
1,62.39008,4,0.75,0.166
1,62.84809,4,0.687,0.166
1,63.30611,4,0.625,0.166
1,64.22214,3,0.437,0.833
1,64.68015,3,0.375,0.833
1,65.13817,3,0.312,0.833
1,66.0542,2,0.812,0.833
1,66.51221,2,0.812,0.7219999
1,66.97023,2,0.812,0.6109999
1,67.88626,4,0.812,0.166
1,68.34428,4,0.75,0.166
1,68.80229,4,0.687,0.166
1,69.71832,1,0.187,0.166
1,70.17634,1,0.187,0.277
1,70.63435,1,0.187,0.388
1,71.55038,3,0.187,0.833
1,72.0084,3,0.25,0.833
1,72.46642,3,0.312,0.833
2,73.38245,1,0.156,0.5,0.9160305,d
1,73.38245,4,0.625,0.166,d
1,73.84046,4,0.687,0.166
1,74.29847,4,0.75,0.166
2,74.75648,1,0.156,0.7219999,0.4580153
2,75.2145,2,0.843,0.5,0.9160305,d
1,75.2145,4,0.375,0.166,d
1,75.67252,4,0.312,0.166
1,76.13053,4,0.25,0.166
2,76.58855,2,0.843,0.7219999,0.4580153
2,77.04656,4,0.5,0.166,0.9160305,d
1,77.04656,1,0.156,0.222,d
1,77.50458,1,0.156,0.333
1,77.96259,1,0.156,0.444
2,78.42061,4,0.625,0.166,0.4580153
2,78.87862,3,0.5,0.833,0.9160305,d
1,78.87862,2,0.843,0.166,d
1,79.33664,2,0.843,0.277
1,79.79465,2,0.843,0.388
2,80.25267,3,0.375,0.833,0.4580153
1,80.71069,4,0.562,0.166
3,81.1687,1,0.156,0.777,0.156,0.5,0.4580153,d
1,81.1687,4,0.625,0.166,d
1,81.62672,4,0.687,0.166
3,82.08473,2,0.812,0.555,0.812,0.277,0.4580153
1,82.54275,3,0.312,0.833
3,83.00076,1,0.156,0.388,0.156,0.111,0.4580153,d
1,83.00076,3,0.75,0.833,d
1,83.45878,3,0.687,0.833
2,83.91679,2,0.875,0.277,1.374046
1,84.37481,4,0.25,0.166
1,84.83282,4,0.312,0.166
1,85.29084,4,0.375,0.166
3,85.74886,1,0.187,0.388,0.187,0.833,1.374046
1,86.20687,3,0.687,0.833
1,86.66489,3,0.75,0.833
1,87.1229,3,0.812,0.833
2,88.03893,4,0.312,0.222,0.4580153,d
1,88.03893,4,0.687,0.222,d
1,88.49695,4,0.687,0.222
1,88.95496,4,0.312,0.222
2,89.87099,4,0.687,0.222,0.4580153,d
1,89.87099,4,0.312,0.222,d
1,90.32901,4,0.312,0.222
2,90.78703,4,0.5,0.222,0.4580153
2,91.70306,4,0.312,0.222,0.4580153,d
1,91.70306,4,0.687,0.222,d
1,92.16107,4,0.687,0.222
1,92.61909,4,0.312,0.222
2,93.53512,4,0.312,0.222,0.4580153,d
1,93.53512,4,0.687,0.222,d
1,93.99313,4,0.687,0.222
2,94.45114,4,0.687,0.222,0.4580153
2,95.36717,3,0.687,0.777,0.4580153,d
1,95.36717,3,0.312,0.777,d
1,95.82519,3,0.312,0.777
1,96.2832,3,0.687,0.777
2,97.19923,3,0.312,0.777,0.4580153,d
1,97.19923,3,0.687,0.777,d
1,97.65725,3,0.687,0.777
1,98.11526,3,0.312,0.777,d
2,98.11526,3,0.687,0.777,0.4580153,d
2,99.0313,3,0.312,0.777,0.4580153,d
1,99.0313,3,0.687,0.777,d
1,99.48931,3,0.687,0.777
1,99.94733,3,0.312,0.777
2,100.8634,3,0.312,0.777,0.4580153,d
1,100.8634,3,0.687,0.777,d
1,101.3214,3,0.687,0.777
2,101.7794,3,0.687,0.777,0.4580153,d
2,101.7794,3,0.312,0.777,0.4580153,d
2,102.6954,2,0.875,0.6659999,0.4580153
2,103.3824,2,0.875,0.333,0.4580153
2,104.0695,2,0.875,0.5,0.4580153
2,104.5275,1,0.125,0.5,0.4580153
2,105.2145,1,0.125,0.333,0.4580153
2,105.9015,1,0.125,0.6659999,0.4580153
2,106.3595,2,0.812,0.6659999,0.4580153
2,107.0466,2,0.812,0.333,0.4580153
2,107.7336,2,0.812,0.5,0.4580153
2,108.1916,1,0.187,0.6659999,0.4580153
2,108.8786,1,0.187,0.333,0.4580153
2,109.5657,1,0.187,0.5,0.4580153
2,110.0237,3,0.625,0.7219999,0.4580153
3,110.7107,3,0.562,0.6109999,0.437,0.388,0.4580153
2,111.3977,4,0.375,0.277,0.4580153
2,111.8557,4,0.625,0.277,0.4580153
3,112.5427,4,0.562,0.388,0.437,0.6109999,0.4580153
2,113.2298,3,0.375,0.7219999,0.4580153
2,113.6878,2,0.625,0.7219999,0.4580153
3,114.3748,2,0.562,0.6109999,0.437,0.388,0.4580153
2,115.0618,1,0.375,0.277,0.4580153
2,115.5198,1,0.375,0.7219999,0.4580153
3,116.2069,1,0.437,0.6109999,0.562,0.388,0.4580153
2,116.8939,2,0.625,0.277,0.4580153
1,117.3519,4,0.406,0.166
1,117.5809,4,0.75,0.166
1,117.8099,4,0.343,0.166
1,118.0389,4,0.687,0.166
1,118.2679,4,0.468,0.166
1,118.726,4,0.281,0.166
1,119.184,4,0.531,0.166
2,120.1,4,0.843,0.166,0.4580153,d
2,120.1,4,0.156,0.166,0.4580153,d
1,121.016,3,0.625,0.777,d
1,121.016,3,0.375,0.777,d
1,121.245,3,0.625,0.777
1,121.474,3,0.312,0.777
1,121.7031,3,0.687,0.777
1,121.9321,3,0.25,0.777
1,122.3901,3,0.312,0.777
1,122.8481,3,0.375,0.777
2,123.7641,3,0.312,0.777,0.4580153,d
2,123.7641,3,0.687,0.777,0.4580153,d
1,124.6802,2,0.812,0.777
1,124.9092,1,0.187,0.7219999
1,125.1382,2,0.812,0.6659999
1,125.3672,1,0.187,0.6109999
1,125.5962,2,0.812,0.555
1,126.0542,1,0.187,0.444
1,126.5122,2,0.812,0.333
2,127.4282,1,0.187,0.555,0.4580153
1,127.8863,2,0.781,0.222
1,128.1153,1,0.218,0.277
1,128.3443,2,0.781,0.333
1,128.5733,1,0.218,0.388
1,128.8023,2,0.781,0.444
1,129.0313,1,0.218,0.5
1,129.2603,2,0.781,0.555
1,129.4893,1,0.218,0.6109999
1,129.7183,2,0.781,0.6659999
1,129.9473,1,0.218,0.7219999
1,130.1763,4,0.781,0.166
1,130.2908,4,0.218,0.166
1,130.4053,4,0.75,0.166
1,130.5199,4,0.25,0.166
1,130.6344,4,0.718,0.166
1,130.7489,4,0.281,0.166
1,130.8634,4,0.687,0.166
1,130.9779,4,0.312,0.166
2,131.0924,4,0.718,0.166,0.4580153,d
2,131.0924,4,0.281,0.166,0.4580153,d
1,132.0084,1,0.25,0.7219999,d
1,132.0084,2,0.75,0.7219999,d
1,132.2374,1,0.25,0.555,d
1,132.2374,2,0.75,0.555,d
1,132.9244,4,0.375,0.222
1,133.3824,4,0.5,0.222
2,133.8405,4,0.625,0.222,0.4580153
2,134.7565,4,0.375,0.222,0.4580153
1,135.6725,1,0.25,0.7219999,d
1,135.6725,1,0.25,0.277,d
1,136.5885,4,0.781,0.222
1,137.0466,4,0.718,0.222
2,137.5046,4,0.656,0.222,0.4580153
2,138.4206,4,0.343,0.222,0.4580153
1,139.3366,2,0.75,0.7219999,d
1,139.3366,1,0.25,0.7219999,d
1,139.5656,2,0.75,0.5,d
1,139.5656,1,0.25,0.5,d
1,140.2527,4,0.406,0.222
1,140.7107,4,0.343,0.222
2,141.1687,4,0.281,0.222,0.4580153
2,142.0847,4,0.718,0.222,0.4580153
2,143.0008,3,0.375,0.777,0.4580153,d
2,143.0008,3,0.625,0.777,0.4580153,d
1,143.9168,3,0.75,0.777
1,144.3748,3,0.687,0.777
2,144.8328,3,0.625,0.777,0.6870229
2,145.7489,3,0.375,0.777,0.6870229
1,146.4359,3,0.625,0.777
