3,0.311,4,0.406,0.277,0.281,0.6109999,0.4615385,d
3,0.311,4,0.593,0.277,0.718,0.6109999,0.4615385,d
1,1.234077,4,0.25,0.222
1,1.464846,4,0.75,0.222
1,1.695615,4,0.25,0.222
1,2.157154,4,0.312,0.222
1,2.387923,4,0.687,0.222
1,2.618692,4,0.375,0.222
1,2.849462,4,0.625,0.222
1,3.080231,4,0.437,0.222
1,3.541769,4,0.75,0.222
3,4.003308,3,0.406,0.7219999,0.281,0.444,0.4615385,d
3,4.003308,3,0.593,0.7219999,0.718,0.444,0.4615385,d
1,4.926384,1,0.187,0.777
1,5.157154,2,0.812,0.7219999
1,5.387923,1,0.187,0.6659999
1,5.849462,2,0.812,0.222
1,6.080231,1,0.187,0.277
1,6.311,2,0.812,0.333
1,6.541769,1,0.187,0.388
1,6.772539,2,0.812,0.444
1,7.003308,1,0.187,0.5
1,7.234077,2,0.812,0.555
3,7.695615,1,0.281,0.7219999,0.281,0.277,0.4615385,d
3,7.695615,2,0.718,0.7219999,0.718,0.277,0.4615385,d
1,8.618692,4,0.281,0.222
1,8.849462,4,0.718,0.222
1,9.080231,4,0.343,0.222
1,9.541769,3,0.718,0.777
1,9.772538,3,0.281,0.777
1,10.00331,3,0.656,0.777
1,10.23408,3,0.343,0.777
1,10.46485,3,0.718,0.777
1,10.69562,3,0.406,0.777
1,10.92638,3,0.781,0.777
2,11.38792,4,0.218,0.222,0.4615385
1,11.84946,4,0.781,0.222
2,12.311,4,0.781,0.222,0.4615385
1,12.77254,4,0.218,0.222
2,13.23408,4,0.218,0.222,0.4615385
1,13.69562,4,0.781,0.222
1,14.38792,1,0.218,0.555
1,14.61869,1,0.218,0.444
1,15.08023,1,0.218,0.222
2,15.54177,2,0.781,0.6659999,2.769231
1,19.23408,1,0.281,0.7219999
1,20.15715,1,0.281,0.5
1,20.84946,2,0.718,0.7219999
1,21.54177,4,0.281,0.222
1,21.77254,4,0.718,0.222
1,22.00331,4,0.343,0.222
1,22.23408,4,0.656,0.222
1,22.46485,4,0.406,0.222
2,22.69562,4,0.656,0.222,2.307692,d
2,22.69562,4,0.343,0.222,2.307692,d
1,25.46485,1,0.156,0.777
1,26.61869,1,0.156,0.444
1,27.54177,1,0.156,0.222
1,28.23408,2,0.843,0.6659999
1,28.69562,2,0.843,0.5
1,29.15715,2,0.843,0.333
1,30.311,4,0.375,0.277,d
1,30.311,4,0.625,0.277,d
1,31.23408,4,0.25,0.277
1,31.92638,4,0.437,0.277
1,32.38792,4,0.562,0.277
1,32.84946,4,0.687,0.277
1,34.00331,3,0.812,0.7219999
1,34.92638,3,0.562,0.7219999
1,35.61869,3,0.375,0.7219999
1,36.08023,3,0.281,0.7219999
1,36.54177,3,0.187,0.7219999
1,37.69561,1,0.25,0.7219999
1,38.61869,1,0.25,0.388
1,39.311,2,0.781,0.6659999
1,39.77254,2,0.781,0.5
1,40.23408,2,0.781,0.333
1,41.38792,4,0.5,0.222
1,42.311,4,0.5,0.222
1,43.00331,1,0.218,0.5
1,43.46485,3,0.5,0.777
1,43.92638,2,0.781,0.5
1,45.08023,3,0.312,0.7219999,d
1,45.08023,3,0.687,0.7219999,d
1,45.54177,4,0.281,0.222
1,46.00331,4,0.406,0.222
1,46.23408,4,0.468,0.222
1,46.69561,4,0.593,0.222
1,47.15715,4,0.718,0.222
1,47.61869,4,0.593,0.222
1,48.311,2,0.75,0.777
1,48.77254,2,0.75,0.555
1,49.23408,2,0.75,0.333
1,49.46485,2,0.75,0.222
1,49.92638,3,0.375,0.777
1,50.38792,3,0.5,0.777
1,51.311,1,0.218,0.777
1,51.54177,2,0.781,0.7219999
1,51.77254,1,0.218,0.6659999
1,52.00331,2,0.781,0.6109999
1,52.23408,1,0.218,0.555
1,53.38792,2,0.781,0.222
1,53.61869,1,0.218,0.277
1,53.84946,2,0.781,0.333
1,54.08023,1,0.218,0.388
1,55.23408,3,0.75,0.777
1,55.46485,3,0.687,0.777
3,55.92638,3,0.562,0.777,0.281,0.777,0.6923077
1,56.84946,4,0.687,0.222
1,57.311,4,0.75,0.222
1,57.77254,4,0.812,0.222
1,59.15715,1,0.218,0.6109999
1,59.38792,1,0.218,0.5
1,59.84946,4,0.687,0.222,d
1,59.84946,4,0.312,0.222,d
1,60.311,1,0.25,0.7219999
1,60.77254,1,0.25,0.5
1,61.00331,1,0.25,0.388
3,61.46485,2,0.75,0.7219999,0.75,0.222,0.6923077
1,62.15715,4,0.25,0.222
1,62.61869,3,0.656,0.777
1,63.08023,3,0.531,0.777
1,63.54177,3,0.781,0.777
2,64.00331,3,0.281,0.777,0.3461539
1,64.69562,3,0.375,0.777
1,65.15715,3,0.468,0.777
1,65.84946,4,0.218,0.222
1,66.08023,4,0.781,0.222
1,66.311,4,0.281,0.222
1,66.54177,4,0.718,0.222
1,66.77254,4,0.343,0.222
1,67.00331,4,0.656,0.222
1,67.92638,2,0.781,0.6659999
1,68.15715,1,0.218,0.6109999
1,68.38792,2,0.781,0.555
1,68.61869,1,0.218,0.5
1,68.84946,2,0.781,0.444
1,70.00331,4,0.281,0.222
1,70.23408,4,0.343,0.222
1,70.69562,4,0.468,0.222
3,71.38792,4,0.593,0.222,0.781,0.222,0.6923077
2,72.54177,4,0.218,0.222,0.4615385
2,74.61869,1,0.25,0.6659999,0.9230769
2,75.54177,2,0.75,0.555,0.9230769
1,76.46484,4,0.187,0.222
1,76.92638,4,0.25,0.222
1,77.38792,4,0.312,0.222
1,77.84946,4,0.375,0.222
1,78.08023,4,0.312,0.222
3,78.311,4,0.687,0.222,0.875,0.222,0.4615385
2,79.00331,4,0.312,0.222,0.6923077
2,79.92638,4,0.687,0.222,0.9230769
3,81.08023,1,0.187,0.7219999,0.187,0.277,0.9230769
1,82.00331,4,0.812,0.277
3,82.92638,2,0.812,0.277,0.812,0.7219999,0.9230769
1,83.84946,3,0.187,0.7219999
1,84.77254,1,0.25,0.388
1,85.23408,2,0.75,0.444
1,85.69562,1,0.25,0.5
1,86.15715,2,0.75,0.555
1,86.61869,4,0.281,0.222
1,87.08023,4,0.718,0.222
1,87.54177,4,0.343,0.222
1,88.00331,4,0.656,0.222
1,88.46484,4,0.406,0.222
1,88.92638,4,0.593,0.222
1,89.38792,3,0.281,0.777,d
1,89.38792,3,0.718,0.777,d
1,89.84946,1,0.281,0.222
1,90.08023,2,0.718,0.277
1,90.311,1,0.281,0.333
1,90.77254,1,0.281,0.7219999
1,91.00331,2,0.718,0.6659999
1,91.23408,1,0.281,0.6109999
1,91.46484,2,0.718,0.555
1,91.69562,1,0.281,0.5
1,91.92638,2,0.718,0.444
2,92.15715,1,0.281,0.388,0.4615385
2,92.61869,4,0.718,0.222,0.4615385
1,93.08023,4,0.281,0.222
1,93.54177,4,0.75,0.222
1,93.77254,4,0.25,0.222
1,94.00331,4,0.687,0.222
1,94.23408,4,0.312,0.222
1,94.46484,4,0.625,0.222
1,94.69562,4,0.375,0.222
1,94.92638,3,0.781,0.777
1,95.38792,3,0.656,0.777
1,95.84946,3,0.531,0.777
1,96.311,3,0.406,0.777
1,96.77254,3,0.281,0.777
1,97.69562,1,0.281,0.777
3,97.92638,1,0.281,0.6109999,0.281,0.277,0.4615385
1,98.38792,4,0.718,0.277
1,99.08023,4,0.375,0.222
1,99.54177,4,0.625,0.222
1,99.77254,4,0.687,0.222
1,100.2341,2,0.781,0.777
1,100.4648,2,0.781,0.6659999
1,100.9264,1,0.218,0.6109999
1,101.3879,2,0.781,0.555
1,101.8495,1,0.218,0.5
1,102.311,2,0.781,0.444
1,102.7725,1,0.218,0.388
1,103.2341,2,0.781,0.333
1,103.6956,1,0.218,0.277
1,104.1572,2,0.781,0.222
2,104.6187,3,0.343,0.777,0.4615385
1,105.0802,3,0.656,0.777
1,105.311,3,0.343,0.6659999
1,105.5418,3,0.656,0.6659999
1,105.7725,3,0.343,0.555
1,106.0033,3,0.656,0.555
2,106.2341,4,0.281,0.222,0.4615385
1,106.6956,4,0.718,0.222
2,106.9264,4,0.718,0.222,0.4615385
2,107.3879,3,0.312,0.777,0.4615385
1,107.8495,3,0.687,0.777
1,108.311,4,0.25,0.222
1,108.5418,4,0.75,0.222
1,108.7725,4,0.312,0.222
1,109.0033,4,0.687,0.222
1,109.2341,4,0.375,0.222
1,109.4648,4,0.625,0.222
2,109.6956,1,0.312,0.7219999,0.4615385
2,110.1572,2,0.687,0.6109999,0.4615385
2,110.6187,1,0.312,0.5,0.4615385
2,111.0802,2,0.687,0.388,0.4615385
1,111.5418,1,0.312,0.277
1,112.2341,1,0.218,0.777
1,112.4648,2,0.781,0.7219999
1,112.6956,1,0.218,0.6659999
1,112.9264,2,0.781,0.6109999
1,113.1572,1,0.218,0.555
1,113.3879,2,0.781,0.5
2,113.8495,3,0.218,0.777,0.4615385
1,114.5418,4,0.718,0.222
1,114.7725,4,0.281,0.222
1,115.0033,4,0.656,0.222
1,115.2341,4,0.343,0.222
1,115.6956,3,0.281,0.777
1,115.9264,3,0.343,0.777
1,116.3879,3,0.468,0.777
2,116.8495,3,0.656,0.777,0.6923077
1,117.5418,3,0.343,0.777
1,118.0033,2,0.718,0.6109999
1,118.4648,2,0.718,0.333
2,118.9264,3,0.718,0.833,1.384615,d
2,118.9264,3,0.281,0.833,1.384615,d
1,120.7725,4,0.343,0.222,d
1,120.7725,4,0.656,0.222,d
1,121.2341,1,0.218,0.7219999
1,121.6956,2,0.781,0.7219999
1,122.1572,1,0.218,0.555
1,122.6187,2,0.781,0.555
1,123.0802,1,0.218,0.388
1,123.5418,2,0.781,0.388
1,124.0033,1,0.218,0.222
1,124.4648,2,0.781,0.222
1,124.9264,3,0.25,0.777
1,125.3879,4,0.343,0.222
1,125.8495,3,0.437,0.777
1,126.311,4,0.531,0.222
1,126.7725,3,0.625,0.777
1,127.2341,4,0.718,0.222
2,127.6956,3,0.718,0.7219999,0.4615385
1,128.1572,3,0.281,0.7219999
1,128.6187,4,0.5,0.166
1,129.0802,4,0.593,0.166
1,129.5418,4,0.687,0.166
1,130.0033,4,0.781,0.166
1,130.4648,4,0.125,0.166
1,130.9264,4,0.218,0.166
1,131.3879,4,0.312,0.166
1,131.8495,3,0.843,0.777
1,132.311,3,0.75,0.777
1,132.7725,3,0.656,0.777
1,133.2341,3,0.562,0.777
1,133.6956,3,0.468,0.777
1,134.1572,3,0.375,0.777
1,134.6187,3,0.281,0.777
1,135.0802,3,0.187,0.777
1,135.5418,1,0.593,0.166,d
1,135.5418,2,0.406,0.166,d
1,136.0033,1,0.593,0.333
1,136.4648,2,0.406,0.333
1,136.9264,1,0.593,0.5
1,137.3879,2,0.406,0.5
1,137.8495,1,0.593,0.6659999
1,138.311,2,0.406,0.6659999
1,138.7725,1,0.593,0.833
1,139.2341,4,0.875,0.222
1,139.6956,3,0.125,0.777
1,140.1572,4,0.75,0.222
1,140.6187,3,0.25,0.777
1,141.0802,4,0.625,0.222
1,141.5418,3,0.375,0.777
1,142.0033,4,0.5,0.222
2,142.4648,3,0.281,0.6109999,0.4615385
1,142.9264,3,0.718,0.6109999
1,143.3879,1,0.25,0.166
1,143.8495,2,0.75,0.277
1,144.311,1,0.25,0.388
1,144.7725,2,0.75,0.5
1,145.2341,1,0.25,0.6109999
1,145.6956,2,0.75,0.7219999
1,146.1572,1,0.25,0.833
1,146.6187,3,0.75,0.833
1,147.0802,3,0.25,0.833
1,147.5418,3,0.656,0.833
1,148.0033,3,0.343,0.833
1,148.4648,3,0.562,0.833
1,148.9264,3,0.437,0.833
1,149.3879,2,0.75,0.5
1,149.8495,1,0.25,0.5
1,150.311,4,0.75,0.166,d
1,150.311,4,0.25,0.166,d
