1,1.261522,1,0.218,0.7219999
1,1.709284,1,0.218,0.555
1,2.157045,1,0.218,0.388
1,2.492866,1,0.218,0.277
2,2.828686,2,0.781,0.7219999,0.4477612
1,3.500328,2,0.781,0.555
1,3.94809,2,0.781,0.388
1,4.28391,2,0.781,0.277
1,4.843612,4,0.375,0.222
1,5.291373,4,0.5,0.222
1,5.739134,4,0.625,0.222
1,5.963015,4,0.687,0.222
1,6.074955,4,0.312,0.222
2,6.410776,4,0.812,0.222,0.4477612
1,7.082418,4,0.25,0.222
1,7.530179,4,0.375,0.222
1,7.75406,4,0.437,0.222
1,7.866,4,0.5,0.222
1,8.425701,1,0.218,0.777
1,8.873463,1,0.218,0.6109999
1,9.321224,1,0.218,0.444
1,9.545104,1,0.218,0.333
1,9.657044,1,0.218,0.277
2,9.992866,2,0.781,0.777,0.4477612
1,10.66451,2,0.781,0.6109999
1,11.11227,2,0.781,0.444
1,11.33615,2,0.781,0.333
1,11.44809,2,0.781,0.277
1,12.00779,4,0.343,0.222
1,12.45555,4,0.468,0.222
1,12.90331,4,0.593,0.222
1,13.12719,4,0.656,0.222
1,13.23913,4,0.343,0.222
2,13.57495,3,0.375,0.833,0.4477612
1,14.02272,3,0.625,0.833
1,14.2466,3,0.375,0.833
1,14.69436,3,0.5,0.833
1,15.14212,3,0.625,0.833
1,15.58988,4,0.281,0.388,d
1,15.58988,4,0.718,0.388,d
1,16.4854,4,0.281,0.222
1,16.82122,4,0.375,0.222
1,17.15705,4,0.468,0.222
1,18.27645,4,0.593,0.222
1,18.72421,4,0.718,0.222
1,19.17197,4,0.281,0.388,d
1,19.17197,4,0.718,0.388,d
1,20.06749,4,0.718,0.222
1,20.40331,4,0.625,0.222
1,20.73913,4,0.531,0.222
1,21.85854,4,0.406,0.222
1,22.3063,4,0.281,0.222
1,22.75406,2,0.812,0.555
1,23.20182,2,0.812,0.388
1,23.64958,4,0.812,0.222
1,23.9854,4,0.718,0.222
2,24.32122,1,0.187,0.555,0.4477612
1,24.99287,1,0.187,0.388
1,25.44063,4,0.187,0.222
1,25.77645,4,0.281,0.222
1,26.33615,4,0.687,0.222
1,26.67197,4,0.75,0.222
1,27.00779,4,0.625,0.222
1,27.45555,4,0.312,0.222
1,27.56749,4,0.343,0.222
2,27.90331,3,0.656,0.7219999,0.4477612
1,28.35107,3,0.343,0.7219999
1,28.57495,3,0.656,0.7219999
1,29.02272,3,0.75,0.7219999
1,29.47048,3,0.843,0.7219999
1,29.91824,4,0.531,0.222
1,30.366,4,0.656,0.222
1,30.81376,4,0.781,0.222
1,31.03764,4,0.343,0.222
1,31.14958,4,0.656,0.222
2,31.4854,4,0.281,0.222,0.4477612
1,32.15704,4,0.718,0.222
1,32.6048,4,0.593,0.222
1,32.82869,4,0.343,0.222
1,32.94063,4,0.656,0.222
1,33.50033,3,0.281,0.7219999
1,33.94809,3,0.406,0.7219999
1,34.39585,3,0.531,0.7219999
1,34.61973,3,0.625,0.7219999
1,34.73167,3,0.375,0.7219999
3,35.06749,2,0.812,0.555,0.812,0.222,0.4477612
1,35.73914,4,0.687,0.222
1,36.1869,4,0.562,0.222
1,36.63465,4,0.437,0.222
1,37.08242,3,0.625,0.7219999
1,37.53018,1,0.375,0.7219999
1,37.97794,4,0.375,0.277
1,38.4257,2,0.625,0.277
1,38.87346,3,0.781,0.777
1,39.20928,3,0.687,0.7219999
1,39.5451,3,0.593,0.6659999
1,39.88092,3,0.5,0.6109999
1,40.21675,3,0.406,0.555
1,40.66451,3,0.218,0.777
1,41.00033,3,0.312,0.777
1,41.33615,3,0.406,0.777
1,42.00779,4,0.5,0.166
1,42.45555,4,0.312,0.277,d
1,42.45555,4,0.687,0.277,d
1,43.35107,4,0.312,0.277,d
1,43.35107,4,0.687,0.277,d
1,44.2466,4,0.312,0.277,d
1,44.2466,4,0.687,0.277,d
1,44.91824,4,0.625,0.222
1,45.14212,4,0.687,0.222
1,45.47794,4,0.281,0.222
1,45.81376,4,0.375,0.222
2,46.03764,4,0.437,0.222,1.343284
1,47.82869,1,0.218,0.6659999
1,48.16451,1,0.218,0.5
1,48.50033,1,0.218,0.333
1,49.61973,1,0.218,0.7219999,d
1,49.61973,1,0.218,0.277,d
1,49.95555,1,0.281,0.7219999,d
1,49.95555,1,0.281,0.277,d
1,50.29137,1,0.343,0.7219999,d
1,50.29137,1,0.343,0.277,d
1,51.41077,1,0.218,0.5
1,51.7466,1,0.281,0.5
1,52.08242,1,0.343,0.5
1,53.20182,2,0.781,0.7219999,d
1,53.20182,2,0.781,0.277,d
1,53.53764,2,0.718,0.7219999,d
1,53.53764,2,0.718,0.277,d
1,53.87346,2,0.656,0.7219999,d
1,53.87346,2,0.656,0.277,d
1,54.99287,2,0.781,0.5
1,55.32869,2,0.718,0.5
1,55.66451,2,0.656,0.5
1,56.78391,4,0.312,0.222,d
1,56.78391,4,0.687,0.222,d
1,57.11973,4,0.312,0.333,d
1,57.11973,4,0.687,0.333,d
1,57.45555,4,0.312,0.444,d
1,57.45555,4,0.687,0.444,d
1,58.57495,4,0.5,0.222
1,58.91077,4,0.5,0.333
1,59.2466,4,0.5,0.444
1,60.366,3,0.312,0.777,d
1,60.366,3,0.687,0.777,d
1,60.70182,3,0.312,0.6659999,d
1,60.70182,3,0.687,0.6659999,d
1,61.03764,3,0.312,0.555,d
1,61.03764,3,0.687,0.555,d
1,62.15704,3,0.5,0.777
1,62.49287,3,0.5,0.6659999
1,62.82869,3,0.5,0.555
1,63.94809,1,0.156,0.777
1,64.39585,1,0.156,0.6109999
1,64.84361,1,0.218,0.5
1,65.17944,1,0.281,0.388
1,65.51525,1,0.343,0.277
1,65.73914,2,0.843,0.777
1,66.1869,2,0.843,0.6109999
1,66.63466,2,0.781,0.5
1,66.97047,2,0.718,0.388
1,67.3063,2,0.656,0.277
1,67.53018,1,0.5,0.833
1,67.97794,2,0.5,0.6659999
1,68.4257,1,0.5,0.5
1,68.76152,2,0.5,0.388
1,69.09734,1,0.5,0.277
1,69.32122,2,0.5,0.222
1,70.21674,4,0.5,0.222
1,71.11227,1,0.187,0.777
1,71.56003,1,0.187,0.6659999
1,72.00779,1,0.187,0.555
1,72.45555,1,0.187,0.444
1,72.90331,1,0.187,0.333
1,73.35107,1,0.187,0.222
1,73.79884,4,0.812,0.222
1,74.02271,4,0.75,0.222
1,74.2466,4,0.687,0.222
1,74.69436,2,0.812,0.777
1,75.14212,2,0.812,0.6659999
1,75.58988,2,0.812,0.555
1,76.03764,2,0.812,0.444
1,76.4854,2,0.812,0.333
1,76.93317,2,0.812,0.222
1,77.38093,4,0.187,0.222
1,77.6048,4,0.25,0.222
1,77.82869,4,0.312,0.222
1,78.27645,4,0.75,0.222
1,78.72421,4,0.656,0.222
1,79.17197,4,0.562,0.222
1,79.61973,4,0.468,0.222
1,80.06749,4,0.375,0.222
1,80.51525,4,0.281,0.222
1,80.96301,4,0.625,0.222
1,81.1869,4,0.375,0.222
1,81.41077,4,0.625,0.222
1,82.3063,3,0.312,0.777
1,82.97794,3,0.5,0.777
1,83.64958,3,0.687,0.777
1,84.09734,3,0.406,0.6659999
1,84.32122,3,0.593,0.6659999
1,85.44063,4,0.625,0.222
1,85.88839,4,0.625,0.222
1,86.33615,4,0.75,0.222
1,86.78391,4,0.375,0.222
1,87.23167,4,0.5,0.222
1,87.67944,4,0.375,0.222
1,88.1272,4,0.625,0.222
1,88.57496,4,0.5,0.222
1,89.02271,4,0.625,0.222
1,89.47047,4,0.625,0.222
1,89.91824,4,0.75,0.222
1,90.366,4,0.25,0.222
1,90.81376,4,0.375,0.222
1,91.26152,4,0.375,0.222
1,91.70928,4,0.5,0.222
1,92.15704,4,0.375,0.222
1,92.6048,1,0.25,0.7219999
1,93.05257,1,0.25,0.555
1,93.50033,1,0.25,0.388
1,93.94809,1,0.25,0.222
1,94.39585,2,0.75,0.7219999
1,94.84361,2,0.75,0.555
1,95.29137,2,0.75,0.388
1,95.73914,2,0.75,0.222
1,96.41077,4,0.375,0.166,d
1,96.41077,4,0.625,0.166,d
1,97.08242,4,0.312,0.166,d
1,97.08242,4,0.687,0.166,d
1,97.75406,4,0.25,0.166,d
1,97.75406,4,0.75,0.166,d
1,99.76898,4,0.312,0.166
1,100.1048,4,0.406,0.166
1,100.4406,4,0.5,0.166
1,100.7765,4,0.593,0.166
1,101.1123,4,0.687,0.166
1,101.56,4,0.406,0.277
1,101.8959,4,0.5,0.277
1,102.2317,4,0.593,0.277
1,102.9033,4,0.5,0.222
1,103.3511,4,0.343,0.222,d
1,103.3511,4,0.656,0.222,d
1,104.2466,4,0.343,0.222,d
1,104.2466,4,0.656,0.222,d
1,105.1421,4,0.343,0.222,d
1,105.1421,4,0.656,0.222,d
1,106.0376,4,0.593,0.222
1,106.3735,4,0.687,0.222
1,106.7093,4,0.781,0.222
2,106.9332,4,0.218,0.222,1.343284,d
2,106.9332,4,0.781,0.222,1.343284,d
1,108.7242,1,0.406,0.6659999
1,109.06,1,0.5,0.5
1,109.3959,1,0.593,0.333
1,110.5153,1,0.406,0.6659999
1,110.963,4,0.406,0.333
1,111.4108,2,0.593,0.333
1,111.8585,3,0.593,0.6659999
1,112.3063,1,0.375,0.7219999
1,112.7541,4,0.375,0.277
1,113.2018,2,0.625,0.277
1,113.6496,3,0.625,0.7219999
1,114.0973,1,0.343,0.777
1,114.5451,4,0.343,0.222
1,114.9929,2,0.656,0.222
1,115.4406,3,0.656,0.777
1,115.8884,1,0.312,0.833
1,116.3362,4,0.312,0.166
1,116.7839,2,0.687,0.166
1,117.2317,3,0.687,0.833
1,117.6794,1,0.218,0.833
1,118.1272,2,0.781,0.7219999
1,118.575,1,0.218,0.6109999
1,119.0227,2,0.781,0.5
1,119.4705,1,0.218,0.388
1,119.9182,2,0.781,0.277
1,120.366,1,0.218,0.166
1,120.8138,4,0.75,0.166
1,121.2615,4,0.625,0.166
1,121.7093,4,0.5,0.166
1,122.157,4,0.375,0.166
1,122.6048,4,0.25,0.166
1,124.8436,3,0.343,0.833,d
1,124.8436,3,0.656,0.833,d
1,125.1794,3,0.343,0.7219999,d
1,125.1794,3,0.656,0.7219999,d
1,125.5153,3,0.343,0.6109999,d
1,125.5153,3,0.656,0.6109999,d
1,126.6347,4,0.5,0.222
1,126.9705,4,0.5,0.333
1,127.3063,4,0.5,0.444
1,128.4257,1,0.218,0.7219999,d
1,128.4257,1,0.218,0.277,d
1,128.7615,1,0.281,0.7219999,d
1,128.7615,1,0.281,0.277,d
1,129.0973,1,0.343,0.7219999,d
1,129.0973,1,0.343,0.277,d
1,130.2168,2,0.843,0.5
1,130.5526,2,0.781,0.5
1,130.8884,2,0.718,0.5
1,132.0078,4,0.343,0.166,d
1,132.0078,4,0.656,0.166,d
1,132.3436,4,0.343,0.277,d
1,132.3436,4,0.656,0.277,d
1,132.6794,4,0.343,0.388,d
1,132.6794,4,0.656,0.388,d
1,133.7988,3,0.5,0.833
1,134.1347,3,0.5,0.7219999
1,134.4705,3,0.5,0.6109999
1,135.5899,2,0.781,0.7219999,d
1,135.5899,2,0.781,0.277,d
1,135.9257,2,0.718,0.7219999,d
1,135.9257,2,0.718,0.277,d
1,136.2615,2,0.656,0.7219999,d
1,136.2615,2,0.656,0.277,d
1,137.3809,1,0.156,0.5
1,137.7168,1,0.218,0.5
1,138.0526,1,0.281,0.5
1,139.172,2,0.843,0.222
1,139.6197,2,0.843,0.388
1,140.0675,2,0.843,0.555
1,140.4033,2,0.781,0.6659999
1,140.7391,2,0.718,0.777
1,140.963,1,0.156,0.222
1,141.4108,1,0.156,0.388
1,141.8585,1,0.156,0.555
1,142.1944,1,0.218,0.6659999
1,142.5302,1,0.281,0.777
1,142.7541,4,0.812,0.166
1,143.2018,4,0.687,0.166
1,143.6496,4,0.562,0.166
1,143.9854,4,0.468,0.166
1,144.3212,4,0.375,0.166
1,144.5451,4,0.312,0.166
